saveMD5 = 9f9297abd0f0fdd897c763a5d882185e
vesselCount = 18
UT = 81710332.361964539
gameMode = CAREER
gameNull = False
gameCompatible = True
funds = 97411733.55934298
science = 417
reputationPercent = 76
ongoingContracts = 2
saveMD5 = 9f9297abd0f0fdd897c763a5d882185e
