saveMD5 = 8c977c027145c268078cdf1a5eab18c9
vesselCount = 26
UT = 1122861432.5556078
gameMode = CAREER
gameNull = False
gameCompatible = True
funds = 88868561.528877586
science = 285
reputationPercent = 78
ongoingContracts = 0
saveMD5 = 8c977c027145c268078cdf1a5eab18c9
