saveMD5 = 70e950cc7f01a74985c46e1ca426883f
vesselCount = 23
UT = 904203476.06373119
gameMode = CAREER
gameNull = False
gameCompatible = True
funds = 91052934.436758369
science = 189
reputationPercent = 78
ongoingContracts = 0
saveMD5 = 70e950cc7f01a74985c46e1ca426883f
