saveMD5 = 6221e5aa108bd94ce8d90d521c499fff
vesselCount = 26
UT = 1122910263.2457271
gameMode = CAREER
gameNull = False
gameCompatible = True
funds = 88868561.528877586
science = 285
reputationPercent = 78
ongoingContracts = 0
saveMD5 = 6221e5aa108bd94ce8d90d521c499fff
