saveMD5 = 2a4ba07e04d5afd8bb7f7c0cd035f88d
vesselCount = 26
UT = 1179316106.3244679
gameMode = CAREER
gameNull = False
gameCompatible = True
funds = 77780972.529377788
science = 335
reputationPercent = 78
ongoingContracts = 0
saveMD5 = 2a4ba07e04d5afd8bb7f7c0cd035f88d
