saveMD5 = 4a2af7478798522bd32c16b566378e44
vesselCount = 25
UT = 1179151321.0470076
gameMode = CAREER
gameNull = False
gameCompatible = True
funds = 77923636.810627788
science = 335
reputationPercent = 78
ongoingContracts = 0
saveMD5 = 4a2af7478798522bd32c16b566378e44
