saveMD5 = 3a3ffe0baef7164b075461141313b7fd
vesselCount = 16
UT = 96525531.848398313
gameMode = CAREER
gameNull = False
gameCompatible = True
funds = 98328054.596487328
science = 188
reputationPercent = 77
ongoingContracts = 0
saveMD5 = 3a3ffe0baef7164b075461141313b7fd
