saveMD5 = 724cb8b4770838b205508d337ef11384
vesselCount = 21
UT = 1123604333.3375802
gameMode = CAREER
gameNull = False
gameCompatible = True
funds = 86996125.535546154
science = 290
reputationPercent = 78
ongoingContracts = 0
saveMD5 = 724cb8b4770838b205508d337ef11384
