saveMD5 = 94f649ca63e077876988e771dad66afc
vesselCount = 17
UT = 81827258.038190976
gameMode = CAREER
gameNull = False
gameCompatible = True
funds = 97487653.708909631
science = 469
reputationPercent = 77
ongoingContracts = 1
saveMD5 = 94f649ca63e077876988e771dad66afc
