saveMD5 = 940c13b73724960062eedc86a4407a95
vesselCount = 17
UT = 223449618.93607247
gameMode = CAREER
gameNull = False
gameCompatible = True
funds = 96344637.177600235
science = 129
reputationPercent = 77
ongoingContracts = 0
saveMD5 = 940c13b73724960062eedc86a4407a95
