saveMD5 = 4db56396edb1a45c374fa9261a9b4ded
vesselCount = 11
UT = 62701794.750189587
gameMode = CAREER
gameNull = False
gameCompatible = True
funds = 95360034.102306843
science = 239
reputationPercent = 72
ongoingContracts = 5
saveMD5 = 4db56396edb1a45c374fa9261a9b4ded
