saveMD5 = 9814c97f22f927ed1aedad24f2fc0d5e
vesselCount = 15
UT = 96526327.308232367
gameMode = CAREER
gameNull = False
gameCompatible = True
funds = 98328054.596487328
science = 195
reputationPercent = 77
ongoingContracts = 0
saveMD5 = 9814c97f22f927ed1aedad24f2fc0d5e
