saveMD5 = 498abae97c05afd3be792d4f5ab639bf
vesselCount = 26
UT = 1179358244.9185205
gameMode = CAREER
gameNull = False
gameCompatible = True
funds = 77638308.248127788
science = 335
reputationPercent = 78
ongoingContracts = 0
saveMD5 = 498abae97c05afd3be792d4f5ab639bf
