saveMD5 = 3e7f653f9f8d34b29566456e3d3daae3
vesselCount = 16
UT = 213259293.66443959
gameMode = CAREER
gameNull = False
gameCompatible = True
funds = 95949882.536975235
science = 675
reputationPercent = 77
ongoingContracts = 0
saveMD5 = 3e7f653f9f8d34b29566456e3d3daae3
