saveMD5 = 6820d09da0540dd97131b8accbbcfa4f
vesselCount = 23
UT = 1179055846.3346035
gameMode = CAREER
gameNull = False
gameCompatible = True
funds = 78550119.669970363
science = 335
reputationPercent = 78
ongoingContracts = 0
saveMD5 = 6820d09da0540dd97131b8accbbcfa4f
