saveMD5 = 2abd743f32d313c84a6f733056661120
vesselCount = 19
UT = 263609440.65518799
gameMode = CAREER
gameNull = False
gameCompatible = True
funds = 94702798.078155845
science = 430
reputationPercent = 78
ongoingContracts = 0
saveMD5 = 2abd743f32d313c84a6f733056661120
