saveMD5 = 7413a5b63f85291df163757094a0903b
vesselCount = 27
UT = 1123367259.4800985
gameMode = CAREER
gameNull = False
gameCompatible = True
funds = 88487987.122627586
science = 285
reputationPercent = 78
ongoingContracts = 0
saveMD5 = 7413a5b63f85291df163757094a0903b
