saveMD5 = 9d49dad46dbc054c53c2e94ab1f02010
vesselCount = 26
UT = 1179354146.6286626
gameMode = CAREER
gameNull = False
gameCompatible = True
funds = 77638308.248127788
science = 335
reputationPercent = 78
ongoingContracts = 0
saveMD5 = 9d49dad46dbc054c53c2e94ab1f02010
