saveMD5 = 70270883759b4a6787a93a6666adea3f
vesselCount = 8
UT = 59811132.512827203
gameMode = CAREER
gameNull = False
gameCompatible = True
funds = 95150407.683232903
science = 118
reputationPercent = 70
ongoingContracts = 11
saveMD5 = 70270883759b4a6787a93a6666adea3f
