saveMD5 = 891126489797cc3b5ed83d1f2bfe2aaa
vesselCount = 19
UT = 225027258.57231098
gameMode = CAREER
gameNull = False
gameCompatible = True
funds = 95161478.396350235
science = 129
reputationPercent = 77
ongoingContracts = 0
saveMD5 = 891126489797cc3b5ed83d1f2bfe2aaa
