saveMD5 = 4a48bdb9a928f362fc0d54ad99766aee
vesselCount = 9
UT = 62494663.178164445
gameMode = CAREER
gameNull = False
gameCompatible = True
funds = 95835093.52848573
science = 27
reputationPercent = 72
ongoingContracts = 4
saveMD5 = 4a48bdb9a928f362fc0d54ad99766aee
