saveMD5 = 76a38d785a970cc78bc398fbc828c34e
vesselCount = 15
UT = 206771654.48940155
gameMode = CAREER
gameNull = False
gameCompatible = True
funds = 97920104.869856209
science = 2458
reputationPercent = 77
ongoingContracts = 0
saveMD5 = 76a38d785a970cc78bc398fbc828c34e
