saveMD5 = 3c2703151f02fa20f41742c2bb16b960
vesselCount = 15
UT = 206771677.86941409
gameMode = CAREER
gameNull = False
gameCompatible = True
funds = 97920104.869856209
science = 138
reputationPercent = 77
ongoingContracts = 0
saveMD5 = 3c2703151f02fa20f41742c2bb16b960
