saveMD5 = 86bc0c498428bb5dabfffa9d903154ba
vesselCount = 20
UT = 225239756.45140937
gameMode = CAREER
gameNull = False
gameCompatible = True
funds = 93770711.552600235
science = 129
reputationPercent = 77
ongoingContracts = 0
saveMD5 = 86bc0c498428bb5dabfffa9d903154ba
