saveMD5 = 330b738e59d5fb45796878664df8040e
vesselCount = 23
UT = 498036506.02234727
gameMode = CAREER
gameNull = False
gameCompatible = True
funds = 90693341.859405845
science = 26
reputationPercent = 78
ongoingContracts = 0
saveMD5 = 330b738e59d5fb45796878664df8040e
