saveMD5 = 339b09e35d9a91ac8b1793d520e61139
vesselCount = 16
UT = 96536202.440990299
gameMode = CAREER
gameNull = False
gameCompatible = True
funds = 98030371.340315148
science = 196
reputationPercent = 77
ongoingContracts = 0
saveMD5 = 339b09e35d9a91ac8b1793d520e61139
