saveMD5 = 4a874b7aeb67b0ddeed966fda7abc39e
vesselCount = 20
UT = 1123685087.0936735
gameMode = CAREER
gameNull = False
gameCompatible = True
funds = 85777621.473999828
science = 290
reputationPercent = 78
ongoingContracts = 0
saveMD5 = 4a874b7aeb67b0ddeed966fda7abc39e
