saveMD5 = 04d0d968f017b9d4970e5e71e248d780
vesselCount = 29
UT = 1194735840.707242
gameMode = CAREER
gameNull = False
gameCompatible = True
funds = 75824625.410221905
science = 336
reputationPercent = 78
ongoingContracts = 0
saveMD5 = 04d0d968f017b9d4970e5e71e248d780
