saveMD5 = 4ac3cb20d2094253e11d7f3d09da80ba
vesselCount = 24
UT = 1118903382.6044149
gameMode = CAREER
gameNull = False
gameCompatible = True
funds = 89781037.607002586
science = 285
reputationPercent = 78
ongoingContracts = 0
saveMD5 = 4ac3cb20d2094253e11d7f3d09da80ba
