saveMD5 = 0a87a0c1c756c86da42182d28ab6ec88
vesselCount = 24
UT = 1118904827.2841954
gameMode = CAREER
gameNull = False
gameCompatible = True
funds = 89623858.341377586
science = 285
reputationPercent = 78
ongoingContracts = 0
saveMD5 = 0a87a0c1c756c86da42182d28ab6ec88
