saveMD5 = 46e69653fec3cb5423e0a0a583cf2ae3
vesselCount = 30
UT = 1183696800.8091652
gameMode = CAREER
gameNull = False
gameCompatible = True
funds = 75824625.410221905
science = 336
reputationPercent = 78
ongoingContracts = 0
saveMD5 = 46e69653fec3cb5423e0a0a583cf2ae3
