saveMD5 = 34025c2f01b7c3dc2f1921bcb0a9e92e
vesselCount = 19
UT = 81706914.482677564
gameMode = CAREER
gameNull = False
gameCompatible = True
funds = 97411733.55934298
science = 417
reputationPercent = 76
ongoingContracts = 2
saveMD5 = 34025c2f01b7c3dc2f1921bcb0a9e92e
