saveMD5 = 719f46b05cbeced62d385ba1e282dd0d
vesselCount = 23
UT = 526860597.91302419
gameMode = CAREER
gameNull = False
gameCompatible = True
funds = 90693341.859405845
science = 26
reputationPercent = 78
ongoingContracts = 0
saveMD5 = 719f46b05cbeced62d385ba1e282dd0d
