saveMD5 = 2b6e7ebb211dfd767ac7afc12f38ccea
vesselCount = 17
UT = 82189544.441040546
gameMode = CAREER
gameNull = False
gameCompatible = True
funds = 97453588.577249423
science = 561
reputationPercent = 77
ongoingContracts = 1
saveMD5 = 2b6e7ebb211dfd767ac7afc12f38ccea
