saveMD5 = 43a719e823a845210458c137903ec735
vesselCount = 28
UT = 1179741213.5302532
gameMode = CAREER
gameNull = False
gameCompatible = True
funds = 76493354.558796734
science = 335
reputationPercent = 78
ongoingContracts = 0
saveMD5 = 43a719e823a845210458c137903ec735
