saveMD5 = 39af66b0be17985149707183007965a5
vesselCount = 17
UT = 82188206.261319712
gameMode = CAREER
gameNull = False
gameCompatible = True
funds = 97453588.577249423
science = 557
reputationPercent = 77
ongoingContracts = 1
saveMD5 = 39af66b0be17985149707183007965a5
