saveMD5 = 4e7e6eafa71247a425db96cb3bd71cca
vesselCount = 17
UT = 81497378.669181213
gameMode = CAREER
gameNull = False
gameCompatible = True
funds = 97174551.808900714
science = 275
reputationPercent = 76
ongoingContracts = 3
saveMD5 = 4e7e6eafa71247a425db96cb3bd71cca
