saveMD5 = 8f8db97e39cc7641b40d7b87cf84c980
vesselCount = 23
UT = 1118893845.9231708
gameMode = CAREER
gameNull = False
gameCompatible = True
funds = 89871641.192940086
science = 285
reputationPercent = 78
ongoingContracts = 0
saveMD5 = 8f8db97e39cc7641b40d7b87cf84c980
