saveMD5 = 8a5a28d478b1bab1438db463de07106d
vesselCount = 1
UT = 51112338.069471061
gameMode = CAREER
gameNull = False
gameCompatible = True
funds = 98830581.603805065
science = 202
reputationPercent = 63
ongoingContracts = 3
saveMD5 = 8a5a28d478b1bab1438db463de07106d
