saveMD5 = 25cb4b227f8a90e40802d1bdb68196ac
vesselCount = 1
UT = 51112338.069471061
gameMode = CAREER
gameNull = False
gameCompatible = True
funds = 98830581.603805065
science = 202
reputationPercent = 63
ongoingContracts = 3
saveMD5 = 25cb4b227f8a90e40802d1bdb68196ac
