saveMD5 = 633c19a8e478f05cdcd018590abaeaac
vesselCount = 20
UT = 297756998.78470087
gameMode = CAREER
gameNull = False
gameCompatible = True
funds = 94642870.859405845
science = 951
reputationPercent = 78
ongoingContracts = 0
saveMD5 = 633c19a8e478f05cdcd018590abaeaac
