saveMD5 = 9722b51a325f3733fc9f826ae5c87235
vesselCount = 23
UT = 380304855.9158451
gameMode = CAREER
gameNull = False
gameCompatible = True
funds = 93756624.421905845
science = 1930
reputationPercent = 78
ongoingContracts = 0
saveMD5 = 9722b51a325f3733fc9f826ae5c87235
