saveMD5 = 58ada04371b81e89a3c8ebd9dcbd9bad
vesselCount = 17
UT = 147352020.47137964
gameMode = CAREER
gameNull = False
gameCompatible = True
funds = 97820015.443812177
science = 1099
reputationPercent = 77
ongoingContracts = 0
saveMD5 = 58ada04371b81e89a3c8ebd9dcbd9bad
