saveMD5 = 50ca389b0633dd108766d6cfc48ceac2
vesselCount = 2
UT = 14079517.376794336
gameMode = CAREER
gameNull = False
gameCompatible = True
funds = 785847.8806546547
science = 53
reputationPercent = 58
ongoingContracts = 2
saveMD5 = 50ca389b0633dd108766d6cfc48ceac2
