saveMD5 = 4d3948ccecadbfc1be45e3efa9616bdf
vesselCount = 20
UT = 297756998.78470087
gameMode = CAREER
gameNull = False
gameCompatible = True
funds = 94642870.859405845
science = 951
reputationPercent = 78
ongoingContracts = 0
saveMD5 = 4d3948ccecadbfc1be45e3efa9616bdf
