saveMD5 = 46fb330bbd924868a1d2a8c6975370d1
vesselCount = 23
UT = 380304855.9158451
gameMode = CAREER
gameNull = False
gameCompatible = True
funds = 93756624.421905845
science = 1930
reputationPercent = 78
ongoingContracts = 0
saveMD5 = 46fb330bbd924868a1d2a8c6975370d1
