saveMD5 = 231850106c9d726181ae833a49ed5524
vesselCount = 17
UT = 147352020.47137964
gameMode = CAREER
gameNull = False
gameCompatible = True
funds = 97820015.443812177
science = 1099
reputationPercent = 77
ongoingContracts = 0
saveMD5 = 231850106c9d726181ae833a49ed5524
